4294967294,0
4294967279,21
4294967279,16
4294967294,30
4294967294,942
4294967294,941
4294967294,939
4294967294,938
4294967294,933
4294967294,922
4294967294,436
4294967294,158
4294967294,157
4294967294,156
4294967294,155
4294967294,60
4294967294,67
4294967294,18
4294967294,127
4294967294,14
4294967294,126
4294967294,20
4294967294,13
0,5
4294967294,93
4294967294,95
4294967294,92
4294967294,88
4294967278,150
4294967294,43
4294967294,417
4294967294,51
4294967294,52
4294967294,25
4294967294,920
4294967294,27
4294967294,970
4294967294,82
4294967278,132
4294967278,131
4294967278,130
4294967278,129
4294967278,128
4294967278,127
4294967278,126
4294967278,125
4294967278,124
4294967278,123
4294967278,122
4294967278,121
4294967278,120
4294967278,119
4294967278,118
4294967278,117
4294967278,116
4294967278,115
4294967278,114
4294967278,113
4294967278,112
4294967278,111
4294967278,110
4294967278,109
4294967278,108
4294967278,107
4294967278,106
4294967278,105
4294967278,104
4294967278,103
4294967278,102
4294967278,101
4294967278,100
4294967278,99
4294967278,98
4294967278,97
4294967278,96
4294967278,95
4294967278,94
4294967278,93
4294967278,92
4294967278,91
4294967278,90
4294967278,89
4294967278,87
4294967278,86
4294967278,85
4294967278,84
4294967278,83
4294967278,82
4294967278,81
4294967278,80
4294967278,79
4294967278,78
4294967278,77
4294967278,76
4294967278,75
4294967278,74
4294967278,73
4294967278,72
4294967278,71
4294967278,70
4294967278,69
4294967278,68
4294967278,67
4294967278,66
4294967278,65
4294967278,64
4294967278,63
4294967278,62
4294967278,61
4294967278,60
4294967278,59
4294967278,58
4294967278,57
4294967278,56
4294967278,55
4294967278,54
4294967278,53
4294967278,52
4294967278,51
4294967278,50
4294967278,49
4294967278,48
4294967278,47
4294967278,46
4294967278,45
4294967278,44
4294967278,43
4294967278,42
4294967278,41
4294967278,40
4294967278,39
4294967278,38
4294967279,17
4294967279,10
4294967279,8
4294967279,7
4294967279,6
4294967279,5
4294967279,4
4294967279,327
4294967279,289
100,7
100,6
4294967278,140
4294967278,139
4294967279,272
4294967279,271
4294967279,18
4294967294,1418
4294967279,570
4294967278,266
4294967279,280
4294967278,337
4294967279,9
4294967279,292
4294967278,380
100,5
100,4
100,3
100,2
100,1
4294967279,569
4294967279,568
4294967279,518
4294967279,515
4294967278,330
4294967279,514
98,4
4294967278,329
98,3
98,2
98,1
4294967278,328
4294967279,318
4294967278,326
97,6
4294967278,251
4294967279,563
4294967279,562
97,5
97,4
97,3
97,2
97,1
4294967294,403
4294967294,410
4294967279,236
96,5
4294967294,176
4294967294,902
4294967294,401
4294967294,910
4294967294,912
4294967278,232
96,4
96,3
96,2
96,1
4294967278,230
4294967278,227
4294967279,226
4294967279,215
95,5
95,4
4294967279,316
95,3
95,2
95,1
4294967279,259
4294967278,325
4294967279,315
4294967278,323
4294967279,313
4294967279,312
94,5
94,4
94,3
94,2
94,1
4294967279,205
4294967279,204
4294967278,377
4294967278,200
4294967279,200
4294967279,199
4294967279,197
4294967279,196
92,4
92,3
92,2
92,1
4294967279,195
4294967279,556
4294967278,395
4294967278,314
4294967278,313
4294967279,305
4294967279,304
4294967279,531
4294967278,346
4294967279,529
4294967278,344
4294967278,186
4294967278,394
4294967279,528
4294967278,252
4294967278,243
4294967278,233
4294967279,244
4294967279,242
4294967279,230
4294967279,186
4294967278,311
4294967279,555
4294967278,310
4294967278,183
4294967279,182
4294967279,181
91,8
4294967279,180
4294967279,178
4294967279,177
91,7
91,6
4294967279,176
4294967279,172
4294967279,170
4294967278,168
4294967279,297
4294967279,164
4294967279,163
4294967279,295
4294967279,326
4294967279,260
4294967294,437
4294967279,294
4294967278,301
4294967279,293
4294967294,474
4294967294,973
4294967294,967
4294967278,298
4294967279,155
4294967278,153
4294967279,152
91,5
91,4
4294967279,151
91,2
91,1
4294967278,151
4294967279,149
4294967278,149
4294967279,147
4294967278,147
4294967278,146
4294967279,145
4294967278,145
89,4
4294967279,144
89,3
89,2
89,1
4294967279,143
4294967294,413
4294967294,179
4294967294,919
4294967294,168
4294967294,416
4294967294,113
4294967294,180
4294967294,109
4294967294,405
4294967294,160
4294967294,455
4294967278,339
88,6
4294967278,138
4294967279,325
4294967278,393
4294967279,138
88,5
4294967278,277
88,4
88,3
88,2
88,1
4294967279,134
87,5
87,4
87,3
87,2
87,1
4294967278,392
4294967278,0
4294967294,898
4294967294,185
4294967294,900
4294967294,964
4294967294,966
4294967294,170
4294967294,162
4294967279,566
4294967278,282
4294967278,285
86,5
86,4
86,3
86,2
86,1
4294967279,257
4294967278,279
4294967278,258
4294967278,259
4294967278,335
85,5
4294967278,257
85,4
85,3
85,2
85,1
4294967279,516
4294967279,539
4294967278,250
4294967278,248
4294967279,247
4294967278,246
83,4
83,3
83,2
83,1
4294967278,241
4294967278,239
4294967279,317
4294967278,374
4294967279,238
4294967278,352
4294967279,537
4294967278,235
4294967279,229
4294967279,324
4294967278,231
4294967278,316
4294967278,315
4294967278,290
4294967278,275
4294967279,306
4294967279,267
4294967279,266
4294967279,567
4294967279,228
4294967278,225
4294967279,221
4294967279,219
4294967279,217
4294967278,214
4294967279,213
4294967278,212
4294967279,212
4294967278,211
4294967278,210
4294967278,209
4294967279,209
4294967279,208
4294967279,207
4294967279,206
4294967278,203
4294967279,203
4294967279,201
4294967278,199
4294967278,197
4294967294,385
4294967294,415
4294967294,169
4294967294,464
4294967294,466
4294967294,418
4294967278,371
82,5
82,4
82,2
82,1
4294967294,1416
80,4
80,3
80,2
80,1
4294967278,309
4294967294,1419
4294967279,553
4294967278,308
79,6
4294967278,367
4294967279,552
4294967279,551
79,5
79,4
79,3
79,2
